   5.4506246e+02
   5.5270249e+02
   5.6595258e+02
   5.6168250e+02
   5.6008253e+02
   5.5989256e+02
   5.5393249e+02
   5.4494250e+02
   5.4466244e+02
   5.5390256e+02
   5.5633256e+02
   5.6212255e+02
   5.6055251e+02
   5.5884256e+02
   5.5135248e+02
   5.5176254e+02
   5.4428249e+02
   5.4301247e+02
   5.5337248e+02
   5.5490256e+02
   5.5636249e+02
   5.6495258e+02
   5.6462257e+02
   5.7865263e+02
   5.7600260e+02
   5.7724263e+02
   5.7528261e+02
   5.8267262e+02
   5.8233766e+02
   5.8473266e+02
   5.8225265e+02
   5.7109259e+02
   5.7608265e+02
   5.7110256e+02
   5.7918264e+02
   5.8487263e+02
   5.8478266e+02
   5.8266259e+02
   5.7373258e+02
   5.9508270e+02
   5.8947265e+02
   5.9474265e+02
   5.9598269e+02
   5.9335267e+02
   5.8902268e+02
   5.9060264e+02
   5.8561263e+02
   5.8742265e+02
   5.7160253e+02
   5.6607259e+02
   5.7315262e+02
   5.6507260e+02
   5.6637659e+02
   5.6336253e+02
   5.6877263e+02
   5.6788255e+02
   5.6273256e+02
   5.7478264e+02
   5.7465264e+02
   5.7348256e+02
   5.8216262e+02
   5.8686264e+02
   5.8449262e+02
   5.8337266e+02
   5.8256264e+02
   5.8020265e+02
   5.7786262e+02
   5.7100256e+02
   5.6920258e+02
   5.7160253e+02
   5.7733266e+02
   5.7794261e+02
   5.8198262e+02
   5.8608267e+02
   5.8972266e+02
   5.8101261e+02
   5.8310264e+02
   5.8135260e+02
   5.7562259e+02
   5.7310256e+02
   5.7995264e+02
   5.8477268e+02
   5.8927269e+02
   5.9608269e+02
   5.8737265e+02
   5.8113263e+02
   5.8799263e+02
   5.7506258e+02
   5.7710260e+02
   5.7636259e+02
   5.7736259e+02
   5.6827260e+02
   5.7008262e+02
   5.7528261e+02
   5.7735261e+02
   5.6374253e+02
   5.7250258e+02
   5.6088258e+02
   5.4449248e+02
   5.3321246e+02
   5.3794241e+02
   5.3003241e+02
   5.2451239e+02
   5.1117233e+02
   5.2084241e+02
   5.2654237e+02
   5.3271243e+02
   5.4398241e+02
   5.3978248e+02
   5.4077250e+02
   5.4890252e+02
   5.4933253e+02
   5.5031251e+02
   5.5908254e+02
   5.5522246e+02
   5.5411249e+02
   5.4592242e+02
   5.4204246e+02
   5.4101247e+02
   5.4749246e+02
   5.5029244e+02
   5.4731246e+02
   5.4538249e+02
   5.4440251e+02
   5.3651246e+02
   5.3503245e+02
   5.3699242e+02
   5.3483244e+02
   5.3750242e+02
   5.3927247e+02
   5.4108249e+02
   5.4037241e+02
   5.4183247e+02
   5.3380239e+02
   5.3375239e+02
   5.3132238e+02
   5.3731245e+02
   5.2526237e+02
   5.2698236e+02
   5.3337244e+02
   5.2606235e+02
   5.2834241e+02
   5.1866230e+02
   5.1380229e+02
   4.9539227e+02
   5.0489229e+02
   5.1110232e+02
   5.1635231e+02
   5.2487238e+02
   5.3059242e+02
   5.2877242e+02
   5.3403245e+02
   5.3033243e+02
   5.3042239e+02
   5.2640240e+02
   5.2481240e+02
   5.1387231e+02
   5.0196226e+02
   5.0110227e+02
   5.0268225e+02
   4.9617227e+02
   4.9255221e+02
   4.9618225e+02
   5.0087227e+02
   5.0179227e+02
   5.0808229e+02
   5.0690229e+02
   5.1804231e+02
   5.3439245e+02
   5.3995244e+02
   5.3521245e+02
   5.1863237e+02
   5.1000232e+02
   5.1066233e+02
   5.3452244e+02
   5.2848238e+02
   5.2924240e+02
   5.2276235e+02
   5.2758239e+02
   5.3100242e+02
   5.2783241e+02
   5.3694241e+02
   5.3597240e+02
   5.4293247e+02
   5.4901250e+02
   5.4284250e+02
   5.3970242e+02
   5.4287243e+02
   5.3895244e+02
   5.3191238e+02
   5.3609242e+02
   5.4387249e+02
   5.5548252e+02
   5.5840257e+02
   5.7134260e+02
   5.7364261e+02
   5.7337258e+02
   5.7533261e+02
   5.6768756e+02
   5.6885256e+02
   5.5501254e+02
   5.5118251e+02
   5.5551251e+02
   5.4732250e+02
   5.5451251e+02
   5.5084253e+02
   5.5950251e+02
   5.5799251e+02
   5.6036254e+02
   5.5881251e+02
   5.7019260e+02
   5.5878748e+02
   5.5517252e+02
   5.4834251e+02
   5.5203250e+02
   5.4800247e+02
   5.4256244e+02
   5.3553248e+02
   5.3676743e+02
   5.3702247e+02
   5.4161245e+02
   5.4078247e+02
   5.4001248e+02
   5.3917240e+02
   5.3039241e+02
   5.3253243e+02
   5.3380239e+02
   5.2405239e+02
   5.3538241e+02
   5.3397241e+02
   5.3936746e+02
   5.4700247e+02
   5.6506256e+02
   5.5537000e+02
   5.5367999e+02
   5.4908002e+02
   5.3734003e+02
   5.3790002e+02
   5.4078003e+02
   5.3079999e+02
   5.2421997e+02
   5.3070001e+02
   5.3821997e+02
   5.3570001e+02
   5.2903998e+02
   5.2962000e+02
   5.3840002e+02
   5.3384998e+02
   5.3229999e+02
   5.3735999e+02
